(19,0.8107324852217133)
(39,0.12091016444751024)
(34,0.34657359027997264)
(101,0.05476557679195605)
(4,0.18934635815176126)
(71,0.20577651610906197)
(134,0.9081201806228182)
(130,0.4360127635819522)
(66,0.13732381386338613)
(80,1.18494528951935)
(105,0.16057620877200915)
(125,0.25338235789110725)
(138,0.1354466945162321)
(65,0.5614727656800744)
(35,0.10251726406936294)
(11,0.7272226052488241)
(14,0.25993019270997947)
(104,0.23025850929940456)
(24,0.3218875824868201)
(111,0.3218875824868201)
(37,0.15533264866563584)
(146,0.1424119462955352)
(140,0.6423048350880366)
(1,0.5359281103297789)
(74,0.5476872354577376)
(63,0.19809657609904288)
(89,0.11468925816344952)
(17,0.1057145680776609)
(20,0.20226615829817132)
(18,0.08982461347458999)
(12,0.021186897460751957)
(38,0.0)
(90,0.4877649529155306)
(103,0.18291354666670043)
(94,0.060037744747060785)
(145,0.21209166189455497)
(99,0.3662040962227032)
(100,0.11792077994308654)
(41,0.0)
(21,0.35966059424179303)
(139,1.194365526613079)
(112,0.0759854561265659)
(120,1.059526809946206)
(77,0.22793333369928057)
(53,0.4359809586906129)
(22,1.2348544215268586)
(25,0.2238663232124945)
(131,0.3387259394551663)
(46,0.07170733196003426)
(59,0.7306972925895527)
(142,0.17108018343083423)
(62,0.19413719846886557)
(93,0.17354605824946023)
(33,0.0)
(126,0.19125447584798236)
(23,0.2544316243440109)
(113,0.15969486882636397)
(118,0.4407573692993076)
(40,0.2905355843462382)
(6,0.19583114886070457)
(67,0.3044661929871052)
(69,0.43493177681763184)
(3,0.8777747409364147)
(135,0.06850259313844612)
(85,0.47834284959698736)
(58,0.14671003861128995)
(123,1.2341878566573699)
(136,0.1531445576571777)
(60,0.2746455427574865)
(91,0.2328961618037272)
(86,0.16665960847389508)
(31,0.21965476761338323)
(87,0.14056756837536669)
(26,0.34657359027997264)
(5,0.3408148646251502)
(2,0.20911769049194617)
(114,0.0)
(119,0.6726013590901919)
(13,0.1213855783442674)
(96,0.30707804361814267)
(52,0.22202609665865275)
(81,0.529727285072431)
(137,0.5199189987641396)
(16,0.42419744481288946)
(55,0.268653736072302)
(82,0.17815651152172346)
(28,0.1880703408086752)
(54,0.193248420559657)
(107,1.2240680280339187)
(121,0.15149350315927362)
(98,0.20474073597191694)
(79,0.16057620877200915)
(30,0.122200061897142)
(50,0.166788864905601)
(127,0.03612246239511803)
(36,0.14581925112965377)
(92,0.33366944587773895)
(64,0.18727387708191096)
(110,1.3074896659724804)
(51,0.6892923384461603)
(149,0.1370747832791411)
(57,0.6764033517116741)
(133,0.8340715017405014)
(75,0.19133852034411206)
(106,0.3846747211463313)
(45,0.08646124450557258)
(132,0.6065037829899521)
(83,0.11535991858934876)
(72,0.13397281439830883)
(70,1.3484122610089109)
(9,0.24375422872339164)
(49,0.2986265782046758)
(108,0.3099409451754148)
(78,0.13159201267970536)
(144,0.2453597795397104)
(109,0.03614539876354134)
(10,0.04409173909757375)
(148,0.41712517041349445)
(84,0.4602133019962212)
(122,1.052498347147297)
(115,0.6415317676674509)
(61,0.21735384125241186)
(56,0.3417129127199546)
(15,0.33133028623169664)
(76,0.4644696852746498)
(47,0.05530946648692432)
(29,0.2986265782046758)
(43,0.34657359027997264)
(97,0.086481999194364)
(95,0.1454583329395871)
(116,0.5114484686507127)
(48,0.3218875824868201)
(128,0.2327177050311598)
(117,0.07882495264165501)
(73,0.2590535602461155)
(32,1.1343857313138528)
(27,0.30279755198511393)
(0,0.022976092291918403)
(42,1.6852350929011832)
(102,0.20693755686093082)
(124,0.3471095102491405)
(141,0.37123462172538685)
(143,0.0)
(7,0.9470554160721092)
(8,0.11766707804339725)
(44,0.6966818958592705)
(88,0.16576806991777104)
(68,0.3376817267262138)
(129,0.668681727024007)
(147,1.2763122950823604)
